2.600000000000000000e+01
3.300000000000000000e+01
3.200000000000000000e+01
4.100000000000000000e+01
3.900000000000000000e+01
4.100000000000000000e+01
5.100000000000000000e+01
4.600000000000000000e+01
6.300000000000000000e+01
6.000000000000000000e+01
5.500000000000000000e+01
6.100000000000000000e+01
7.000000000000000000e+01
7.000000000000000000e+01
7.100000000000000000e+01
6.100000000000000000e+01
7.700000000000000000e+01
7.000000000000000000e+01
8.300000000000000000e+01
1.000000000000000000e+02
8.200000000000000000e+01
9.200000000000000000e+01
1.000000000000000000e+02
9.700000000000000000e+01
9.500000000000000000e+01
1.030000000000000000e+02
1.180000000000000000e+02
1.000000000000000000e+02
1.140000000000000000e+02
1.130000000000000000e+02
1.180000000000000000e+02
1.140000000000000000e+02
1.140000000000000000e+02
1.310000000000000000e+02
1.400000000000000000e+02
1.330000000000000000e+02
1.320000000000000000e+02
1.370000000000000000e+02
1.470000000000000000e+02
1.440000000000000000e+02
1.770000000000000000e+02
1.520000000000000000e+02
1.540000000000000000e+02
1.540000000000000000e+02
1.560000000000000000e+02
1.680000000000000000e+02
1.650000000000000000e+02
1.770000000000000000e+02
1.700000000000000000e+02
1.780000000000000000e+02
1.690000000000000000e+02
1.730000000000000000e+02
1.910000000000000000e+02
1.870000000000000000e+02
1.990000000000000000e+02
1.900000000000000000e+02
1.910000000000000000e+02
2.040000000000000000e+02
1.990000000000000000e+02
2.120000000000000000e+02
2.000000000000000000e+02
2.190000000000000000e+02
2.190000000000000000e+02
2.630000000000000000e+02
2.590000000000000000e+02
2.280000000000000000e+02
1.990000000000000000e+02
2.230000000000000000e+02
2.270000000000000000e+02
2.250000000000000000e+02
2.480000000000000000e+02
2.270000000000000000e+02
2.410000000000000000e+02
2.470000000000000000e+02
2.530000000000000000e+02
2.530000000000000000e+02
2.530000000000000000e+02
2.600000000000000000e+02
2.550000000000000000e+02
2.650000000000000000e+02
2.560000000000000000e+02
2.670000000000000000e+02
2.820000000000000000e+02
2.750000000000000000e+02
2.820000000000000000e+02
2.780000000000000000e+02
2.840000000000000000e+02
2.910000000000000000e+02
2.930000000000000000e+02
3.070000000000000000e+02
3.020000000000000000e+02
3.030000000000000000e+02
3.040000000000000000e+02
3.050000000000000000e+02
3.020000000000000000e+02
3.100000000000000000e+02
3.130000000000000000e+02
3.200000000000000000e+02
3.110000000000000000e+02
3.170000000000000000e+02
